8435.000000
8925.000000
6176.000000
5607.000000
6335.000000
4775.000000
8236.000000
3822.000000
7363.000000
7387.000000
5011.000000
8212.000000
7203.000000
8670.000000
8488.000000
8590.000000
8152.000000
7926.000000
4912.000000
4770.000000
4772.000000
8251.000000
7222.000000
8054.000000
7036.000000
9102.000000
7830.000000
20973.000000
5293.000000
4806.000000
7251.000000
7377.000000
8038.000000
7526.000000
7588.000000
4815.000000
7391.000000
4262.000000
10118.000000
7278.000000
4828.000000
8009.000000
6910.000000
4069.000000
4259.000000
4873.000000
9470.000000
4519.000000
5518.000000
8641.000000
7955.000000
8507.000000
8385.000000
5174.000000
6838.000000
5231.000000
8368.000000
8166.000000
7392.000000
30784.000000
9611.000000
6761.000000
8542.000000
8265.000000
8379.000000
4241.000000
5296.000000
8385.000000
9439.000000
7735.000000
7336.000000
11241.000000
8369.000000
7312.000000
8334.000000
7568.000000
7403.000000
6527.000000
9049.000000
8321.000000
9574.000000
8364.000000
8406.000000
7476.000000
7510.000000
7985.000000
4532.000000
5187.000000
7323.000000
9278.000000
8859.000000
7268.000000
5101.000000
4393.000000
7311.000000
7867.000000
7950.000000
8385.000000
10179.000000
8203.000000
4384.000000
8803.000000
5331.000000
4528.000000
8483.000000
8428.000000
8990.000000
8668.000000
8772.000000
7448.000000
6100.000000
8296.000000
4234.000000
8355.000000
8372.000000
5624.000000
9444.000000
8561.000000
7549.000000
8446.000000
9352.000000
8302.000000
7361.000000
6617.000000
8428.000000
6373.000000
8433.000000
9137.000000
8353.000000
8271.000000
8827.000000
6069.000000
4936.000000
7350.000000
6042.000000
8718.000000
7508.000000
7508.000000
8350.000000
8360.000000
8799.000000
8886.000000
8516.000000
6597.000000
5656.000000
8958.000000
8483.000000
8414.000000
8411.000000
5308.000000
9006.000000
7360.000000
8324.000000
4240.000000
7641.000000
4351.000000
9368.000000
8414.000000
8358.000000
8417.000000
7347.000000
7430.000000
7443.000000
7659.000000
5549.000000
5625.000000
5297.000000
9251.000000
8841.000000
9951.000000
7896.000000
49688.000000
33761.000000
41099.000000
75839.000000
56519.000000
55831.000000
53538.000000
36909.000000
55314.000000
53996.000000
42749.000000
32031.000000
56535.000000
40859.000000
56255.000000
31669.000000
71315.000000
52539.000000
39607.000000
72958.000000
54757.000000
55642.000000
54479.000000
54018.000000
55685.000000
56050.000000
67291.000000
47777.000000
42689.000000
68320.000000
56250.000000
65878.000000
55757.000000
40320.000000
55645.000000
55963.000000
41290.000000
56197.000000
33136.000000
35345.000000
103228.000000
57082.000000
53298.000000
55047.000000
54383.000000
71046.000000
42002.000000
30987.000000
57946.000000
77583.000000
75511.000000
55597.000000
31700.000000
39820.000000
55744.000000
55909.000000
56071.000000
52914.000000
49537.000000
56538.000000
83818.000000
29496.000000
55767.000000
53965.000000
60618.000000
38561.000000
43817.000000
66576.000000
56320.000000
55717.000000
70168.000000
82115.000000
54671.000000
72035.000000
41134.000000
55987.000000
53730.000000
56277.000000
55896.000000
55847.000000
55802.000000
55239.000000
55535.000000
53637.000000
32962.000000
72594.000000
55780.000000
69971.000000
55815.000000
58437.000000
55420.000000
54687.000000
34725.000000
55106.000000
54697.000000
35742.000000
49948.000000
69158.000000
56842.000000
61109.000000
53871.000000
56394.000000
55693.000000
62754.000000
43657.000000
55724.000000
86242.000000
76588.000000
36477.000000
51091.000000
41040.000000
55396.000000
55620.000000
55595.000000
57925.000000
55808.000000
48903.000000
55917.000000
55896.000000
55567.000000
55671.000000
56023.000000
54199.000000
54503.000000
51474.000000
56722.000000
55682.000000
55687.000000
56068.000000
55768.000000
55274.000000
55482.000000
54399.000000
77837.000000
55005.000000
55234.000000
39732.000000
56042.000000
56037.000000
41557.000000
55525.000000
43506.000000
56162.000000
85303.000000
54268.000000
73129.000000
56450.000000
53642.000000
42752.000000
52999.000000
55093.000000
33866.000000
55602.000000
56655.000000
56288.000000
56657.000000
78359.000000
54101.000000
56026.000000
41477.000000
31838.000000
55498.000000
55570.000000
67366.000000
56645.000000
55866.000000
58485.000000
55802.000000
54119.000000
55658.000000
55834.000000
54804.000000
39406.000000
54799.000000
86613.000000
40344.000000
56530.000000
53935.000000
41161.000000
43066.000000
57373.000000
55525.000000
43065.000000
59804.000000
55767.000000
32918.000000
43474.000000
44250.000000
42645.000000
42599.000000
42091.000000
32798.000000
55834.000000
31739.000000
39904.000000
71283.000000
55866.000000
55839.000000
40260.000000
53780.000000
56525.000000
55472.000000
55981.000000
31459.000000
55647.000000
55912.000000
71844.000000
52491.000000
35583.000000
57405.000000
60123.000000
45518.000000
53767.000000
37678.000000
45294.000000
39487.000000
44662.000000
32760.000000
55026.000000
66637.000000
53695.000000
41767.000000
39917.000000
55732.000000
55818.000000
54679.000000
55730.000000
55981.000000
32659.000000
31228.000000
58794.000000
55583.000000
31547.000000
60421.000000
54129.000000
39243.000000
48170.000000
59543.000000
55613.000000
58319.000000
56152.000000
55829.000000
68617.000000
55669.000000
55301.000000
32844.000000
56547.000000
57028.000000
66109.000000
56058.000000
55207.000000
55155.000000
55188.000000
40119.000000
70860.000000
55628.000000
75625.000000
56184.000000
54530.000000
55836.000000
56930.000000
70286.000000
53972.000000
54656.000000
55625.000000
55562.000000
55780.000000
55943.000000
55700.000000
55922.000000
55968.000000
56018.000000
55972.000000
55949.000000
58986.000000
55314.000000
40742.000000
53504.000000
31977.000000
55922.000000
55700.000000
55713.000000
36525.000000
37959.000000
47516.000000
72084.000000
55855.000000
55692.000000
55674.000000
55839.000000
55845.000000
48299.000000
55335.000000
62253.000000
43656.000000
32267.000000
54781.000000
71931.000000
41798.000000
53668.000000
67731.000000
54320.000000
53759.000000
55375.000000
63981.000000
54284.000000
38098.000000
54452.000000
53914.000000
54914.000000
32100.000000
54644.000000
55901.000000
36040.000000
33398.000000
54677.000000
54322.000000
56412.000000
44994.000000
55383.000000
53935.000000
54501.000000
55034.000000
55207.000000
69931.000000
54653.000000
56632.000000
54469.000000
37399.000000
39391.000000
54402.000000
31581.000000
31809.000000
54348.000000
54757.000000
54212.000000
58983.000000
86962.000000
80905.000000
41588.000000
54084.000000
55437.000000
62645.000000
54549.000000
39876.000000
58314.000000
54679.000000
56512.000000
54837.000000
54293.000000
54234.000000
63714.000000
55012.000000
48295.000000
54687.000000
58021.000000
68801.000000
